2776	
6337	
4394	
4844	
1225	
9823	
2352	
8484	
246	
6882	
5728	
8776	
24	
5174	
1705	
3823	
2504	
3799	
2115	
5685	
5313	
1120	
5342	
3617	
302	
8544	
3341	
6968	
5505	
7053	
3252	
6953	
3504	
3883	
2774	
1209	
8370	
1819	
9639	
7407	
8403	
9744	
762	
6243	
5590	
9837	
7993	
212	
5065	
1537	
6790	
4940	
3012	
2516	
1649	
4293	
66	
2814	
5892	
963	
7792	
2771	
7548	
9362	
9421	
5359	
372	
8642	
2125	
5583	
7432	
2393	
5946	
70	
1245	
42	
6481	
8908	
7214	
9639	
8729	
3679	
5574	
1101	
7360	
7419	
2284	
4695	
3263	
672	
3880	
1577	
8673	
4525	
1223	
3427	
5674	
4932	
206	
7040	
4371	
7713	
5243	
7836	
682	
1445	
8596	
6706	
3596	
3612	
1245	
1610	
1557	
2383	
4236	
9448	
3510	
8505	
1509	
3441	
2685	
2336	
5854	
7742	
8741	
2543	
9982	
6032	
4678	
9901	
9156	
9708	
5937	
3036	
8741	
8963	
9003	
8101	
2379	
199	
6545	
6468	
9510	
4117	
2296	
3927	
5524	
5089	
7255	
147	
7858	
2419	
4522	
4193	
6735	
9356	
8482	
5758	
748	
2873	
5374	
6247	
2161	
4199	
6208	
1087	
1153	
3283	
1389	
9246	
978	
9800	
7934	
4865	
5148	
8240	
310	
4896	
3992	
323	
9704	
1070	
612	
5379	
530	
3442	
8943	
532	
2068	
7626	
9157	
6496	
7037	
231	
6082	
2210	
7203	
2515	
8931	
2207	
7069	
5216	
343	
9730	
3787	
9905	
7320	
1094	
8442	
3091	
3073	
6951	
4617	
7617	
9818	
3951	
7081	
2999	
2657	
663	
9701	
9526	
9652	
5567	
8141	
5852	
6438	
7484	
5759	
1048	
8568	
1396	
1948	
1743	
7600	
5515	
366	
1487	
8282	
3059	
3626	
6859	
4168	
1759	
6360	
9349	
1144	
9704	
1114	
7089	
7573	
6502	
5053	
6516	
1502	
4799	
5743	
3376	
7080	
8936	
8103	
5140	
5810	
7584	
9534	
8191	
4939	
4265	
5990	
4138	
9664	
6007	
167	
5614	
1650	
9456	
4134	
1518	
4934	
1734	
5544	
8903	
914	
5657	
6498	
7844	
78	
9912	
2797	
2793	
8086	
9275	
7802	
285	
3158	
8719	
9379	
9364	
9767	
5045	
1410	
6946	
9064	
2265	
3202	
5639	
3080	
5820	
3148	
4736	
7884	
8993	
5807	
1632	
6323	
5851	
246	
8908	
1965	
825	
7161	
8870	
2085	
4926	
7278	
4866	
2616	
7913	
7509	
4121	
5790	
5613	
3414	
2875	
1078	
3168	
6698	
9212	
7926	
6808	
2743	
2987	
5578	
1570	
4044	
3511	
4448	
4930	
16	
4925	
1463	
4365	
2307	
25	
9431	
4910	
8057	
1679	
6953	
9730	
9650	
8424	
6339	
4031	
4546	
3336	
9416	
5295	
2021	
6514	
7151	
7696	
1485	
2921	
5924	
9455	
1507	
9062	
6381	
2278	
8254	
9737	
4773	
1948	
8811	
8038	
5410	
9246	
3748	
387	
3766	
4431	
1036	
6164	
7818	
7158	
7402	
1104	
3379	
4102	
6952	
3040	
7036	
6470	
4919	
6997	
5204	
1937	
6581	
6479	
5795	
2032	
5591	
9921	
8337	
2054	
4995	
1004	
4863	
4018	
1211	
6769	
1640	
5265	
715	
830	
3823	
6663	
8179	
1967	
5120	
7848	
3195	
8963	
3858	
5317	
3324	
3889	
7558	
6818	
6966	
6180	
1692	
8111	
6892	
9859	
1501	
5195	
2881	
6711	
635	
8291	
2187	
9396	
840	
3335	
2525	
3718	
4285	
325	
8014	
2858	
9580	
5977	
2439	
9931	
5338	
7669	
991	
8177	
4715	
271	
2872	
6553	
7172	
6671	
2051	
3524	
8531	
2310	
8427	
1434	
8803	
1326	
5254	
9467	
8087	
4798	
5891	
5901	
2652	
6997	
3539	
1524	
3986	
8643	
4152	
2908	
7393	
1442	
8899	
3398	
9291	
1591	
615	
5125	
2347	
5657	
7799	
4193	
6666	
9386	
6372	
712	
1833	
7915	
2864	
4725	
9935	
1729	
7525	
7716	
122	
2234	
7692	
8332	
8086	
221	
1947	
3879	
4763	
8272	
7693	
1969	
6018	
3849	
5736	
3647	
2917	
728	
4094	
5518	
9452	
5047	
3354	
75	
5352	
9331	
9196	
7372	
1366	
3655	
5436	
6863	
2233	
7215	
2733	
3065	
6383	
5063	
4385	
3158	
7068	
1681	
2160	
3598	
3	
7653	
2788	
935	
1139	
9333	
1073	
7900	
7040	
4535	
4762	
1118	
222	
2391	
5139	
2261	
5293	
9184	
131	
898	
7602	
6846	
9344	
3755	
1272	
5026	
3666	
5434	
2889	
5040	
4090	
9340	
1082	
437	
425	
2496	
7268	
3458	
3623	
9561	
6525	
6908	
753	
7671	
5149	
8441	
5012	
3728	
6653	
4254	
8328	
5654	
5024	
3147	
9045	
268	
54	
4506	
6064	
6725	
4733	
6377	
5300	
2181	
5166	
6863	
6396	
6588	
9493	
5107	
5979	
4389	
1471	
797	
6684	
7575	
2784	
5181	
9600	
5587	
661	
1790	
237	
4522	
9565	
6290	
9821	
8179	
670	
637	
8893	
7461	
9968	
9958	
5533	
490	
8223	
9771	
8764	
2589	
6547	
8711	
2319	
7866	
2990	
6245	
5303	
9629	
8625	
7139	
6985	
5040	
8163	
9254	
8720	
7308	
4757	
130	
5117	
2238	
7831	
4431	
4443	
9286	
6948	
5421	
7147	
5603	
1499	
2986	
9856	
287	
9491	
2377	
5507	
1677	
5650	
7915	
9805	
42	
59	
8041	
550	
1452	
5411	
8949	
4558	
6021	
7985	
3518	
9472	
8260	
9239	
2378	
7793	
3832	
6977	
9073	
7027	
4380	
208	
2902	
804	
6795	
8633	
1250	
9440	
9016	
4421	
9770	
9562	
6383	
5150	
9286	
2887	
878	
9674	
2880	
6217	
4571	
1245	
9296	
1455	
7679	
8284	
3883	
4356	
4638	
5438	
8157	
6226	
5658	
2566	
4354	
5240	
1373	
8728	
6833	
5299	
4545	
6542	
1066	
4112	
4977	
7289	
5932	
150	
8982	
2787	
9479	
9249	
147	
4694	
1363	
6659	
9507	
4324	
5499	
3708	
6890	
438	
2694	
6605	
966	
4621	
5949	
4897	
9921	
3753	
7003	
6268	
705	
3850	
7760	
7673	
5910	
5052	
8380	
1096	
2447	
4532	
180	
4427	
633	
2076	
1254	
4767	
8762	
9158	
3392	
6553	
4171	
1589	
7726	
5449	
3961	
9417	
8827	
3800	
2820	
54	
2642	
1717	
4505	
1641	
7510	
6389	
4268	
736	
9130	
2089	
4345	
146	
9992	
8251	
3055	
2637	
2736	
5748	
2981	
8892	
9469	
8848	
4551	
3613	
975	
1916	
798	
7091	
1193	
426	
5376	
6702	
3352	
9323	
5582	
4227	
4923	
4649	
3958	
9161	
7903	
9066	
4374	
5558	
3699	
8327	
2244	
432	
3190	
5284	
3060	
1908	
6281	
6921	
8185	
7477	
3461	
3367	
1066	
6649	
6223	
764	
9665	
3741	
4020	
8104	
2915	
9031	
5361	
2647	
4917	
7006	
2415	
7322	
5665	
3959	
5735	
5275	
1919	
9286	
7497	
7959	
4766	
5104	
1920	
6509	
4598	
662	
1085	
66	
9339	
179	
258	
3291	
7941	
2951	
884	
4183	
4419	
5576	
9262	
9580	
7158	
2856	
4244	
767	
7493	
5986	
9660	
9458	
9932	
2568	
3578	
7951	
7649	
4449	
7007	
7456	
932	
1966	
4505	
603	
5773	
594	
9123	
8136	
5909	
4555	
9298	
1760	
6557	
5244	
4165	
1991	
3401	
5020	
3410	
1235	
1400	
2488	
8899	
5268	
1559	
7370	
9061	
4447	
1070	
6816	
2695	
5409	
5952	
397	
7155	
5870	
8859	
6547	
4165	
4367	
472	
6788	
3266	
8587	
823	
3468	
4500	
3597	
9144	
5126	
3669	
6125	
2853	
8236	
7538	
6741	
6688	
7553	
7217	
799	
3313	
3274	
4679	
586	
3417	
1469	
3077	
2887	
790	
1672	
9238	
248	
3717	
7233	
2178	
2348	
8229	
5725	
7494	
9475	
2086	
2278	
3243	
4507	
3706	
6244	
9385	
7995	
4412	
6601	
6751	
4493	
3603	
5794	
2376	
6999	
534	
635	
888	
8919	
8217	
3157	
1719	
7989	
1705	
1706	
9721	
5855	
9983	
7617	
7266	
2730	
4646	
3631	
7422	
3206	
7171	
4613	
2002	
8673	
3352	
8838	
3347	
1566	
8577	
573	
6081	
1569	
4042	
9621	
4979	
5623	
9553	
7809	
1097	
924	
7890	
5137	
193	
6783	
2546	
4409	
6809	
504	
4561	
459	
2639	
1670	
1631	
9081	
5167	
3263	
2010	
9862	
3376	
6373	
3361	
2401	
1545	
3015	
6505	
3401	
5423	
8317	
4915	
7043	
4808	
3535	
7156	
4625	
8454	
9098	
5660	
2171	
5175	
8104	
6387	
8404	
2871	
6813	
9035	
3003	
5279	
5152	
5866	
4599	
6158	
8743	
3541	
505	
9282	
9293	
2197	
8174	
1464	
9132	
3043	
1773	
1280	
8721	
6709	
9343	
8996	
5733	
6752	
7054	
3560	
3633	
4751	
8733	
8079	
7122	
5931	
2305	
789	
3327	
9907	
4071	
6720	
5306	
4943	
1093	
2434	
840	
784	
5673	
1737	
3396	
7920	
426	
1483	
693	
2665	
8431	
491	
5070	
8651	
9146	
8722	
3117	
5295	
4048	
3831	
4084	
9535	
6692	
6239	
1716	
9702	
4967	
4988	
1322	
1110	
1180	
3763	
3572	
5145	
9582	
1607	
3499	
2783	
5092	
2571	
2245	
9365	
3802	
7696	
1754	
9880	
4482	
5492	
6590	
5848	
9826	
9687	
9252	
4770	
5060	
4331	
3699	
5153	
9063	
2343	
5856	
8934	
4200	
2764	
9290	
6171	
9753	
6559	
7794	
1619	
6598	
9032	
9021	
4028	
3568	
5515	
6714	
6053	
6235	
4070	
9817	
9395	
1427	
3276	
6953	
3862	
4780	
1721	
1287	
1194	
6598	
5283	
8541	
1578	
1109	
9259	
5076	
9463	
9416	
4202	
9453	
8304	
6729	
8961	
5867	
8491	
1266	
5500	
2563	
8129	
9483	
9079	
4297	
2623	
3263	
4088	
9732	
1784	
1195	
3228	
5241	
3596	
5300	
9636	
4527	
7226	
3771	
909	
8988	
6944	
1377	
3700	
436	
1382	
3021	
1274	
8200	
5312	
5955	
7502	
89	
4612	
9053	
5886	
5033	
241	
5652	
9645	
4390	
9036	
1258	
2885	
5225	
5029	
8608	
2389	
9147	
8138	
25	
2970	
515	
3989	
7085	
504	
3024	
3398	
7998	
2139	
2608	
8760	
6351	
5944	
6266	
3761	
7129	
9760	
7445	
5673	
405	
581	
3680	
5873	
2397	
4831	
6556	
4082	
1507	
4283	
1818	
6199	
7438	
5011	
1726	
4818	
8089	
566	
1335	
6562	
9115	
9160	
835	
4352	
2813	
6199	
5415	
4896	
3621	
468	
9945	
1046	
2328	
2926	
5962	
2737	
4830	
2851	
9366	
2894	
3461	
394	
774	
460	
7041	
6418	
862	
7303	
2922	
2791	
3654	
8278	
3798	
2600	
8126	
293	
5712	
4714	
7865	
5123	
6249	
1118	
9087	
1153	
2576	
4535	
9481	
2390	
6554	
2035	
2089	
7552	
6155	
8769	
1333	
8171	
4957	
3027	
1478	
7985	
2233	
4342	
7244	
713	
2929	
4112	
4749	
7141	
9137	
2172	
6253	
3767	
2306	
1650	
1499	
3228	
9840	
1497	
3122	
985	
1312	
3280	
6504	
5561	
2223	
8003	
8282	
3586	
7666	
9640	
5413	
6042	
9688	
4359	
6747	
4736	
3050	
4858	
3449	
8286	
8982	
857	
8697	
306	
7400	
782	
1983	
1333	
4930	
1484	
3083	
1985	
9682	
8492	
2295	
7886	
851	
9817	
1613	
6245	
5338	
8964	
4110	
3055	
2478	
8391	
1445	
4347	
6806	
9125	
8545	
2948	
5195	
8722	
93	
3722	
8335	
20	
2880	
8333	
5028	
9734	
8443	
2447	
2709	
4932	
9633	
1757	
3042	
8211	
7937	
2316	
4637	
4311	
1370	
9651	
1435	
9071	
868	
8644	
8240	
1091	
7851	
5958	
6727	
1831	
936	
5295	
6129	
131	
9101	
4636	
8514	
7520	
7210	
9959	
2468	
205	
3090	
9672	
2786	
2598	
3620	
1822	
9995	
1149	
2330	
8097	
8475	
1090	
4140	
8748	
802	
2076	
9694	
4012	
8392	
2453	
6296	
2870	
8821	
7936	
3369	
5130	
3225	
679	
5094	
6841	
1079	
8331	
5779	
9770	
676	
129	
7250	
8812	
3315	
6934	
6458	
2218	
2064	
2423	
587	
5755	
9544	
7133	
7532	
6987	
9252	
9773	
9897	
7308	
4742	
5794	
2588	
7739	
3935	
7157	
230	
1281	
2671	
8092	
5175	
9374	
7949	
2836	
9846	
2244	
5848	
9606	
7633	
7534	
9485	
9365	
1440	
5341	
866	
8855	
3792	
3852	
5758	
8655	
1516	
5136	
734	
9444	
2532	
4246	
1146	
9605	
8997	
4670	
2333	
4335	
2472	
1650	
2771	
9435	
6829	
490	
7742	
5595	
6202	
5674	
2291	
5070	
4296	
4047	
4933	
76	
161	
445	
5443	
2540	
7833	
7687	
6927	
5102	
579	
9494	
4171	
1820	
1942	
817	
5368	
4826	
679	
4969	
3939	
9474	
3947	
9068	
6702	
543	
8895	
5959	
2345	
9724	
432	
5062	
1628	
8174	
2660	
4813	
3623	
4259	
3537	
1726	
9721	
1316	
5283	
514	
5039	
9968	
9466	
9132	
3921	
7077	
4199	
7874	
8231	
8600	
9273	
9913	
7718	
9001	
4834	
4946	
7149	
8690	
5177	
4521	
5170	
4350	
7398	
2006	
357	
9202	
3243	
2321	
9726	
2497	
9081	
8785	
7776	
6495	
3634	
8787	
4503	
8668	
6397	
2647	
8591	
4658	
5120	
4382	
2852	
9891	
1438	
6819	
9832	
4679	
7958	
8738	
1298	
4553	
9971	
7373	
1007	
1121	
8033	
146	
7836	
45	
5560	
5359	
5455	
1681	
9433	
1309	
127	
2084	
613	
9307	
760	
6370	
6792	
4483	
2981	
3288	
4911	
1952	
4353	
8829	
2617	
9244	
4309	
4582	
5663	
3444	
8480	
3660	
4814	
1485	
7259	
9847	
8408	
2806	
2356	
8348	
5447	
9843	
5607	
5446	
671	
3490	
1084	
1694	
1037	
6515	
8013	
6189	
1015	
909	
5895	
7097	
210	
4598	
969	
818	
3729	
1209	
1737	
2830	
5244	
9126	
2657	
7778	
8497	
4695	
8821	
859	
8842	
3087	
6291	
4787	
8654	
6455	
9006	
4760	
2615	
8871	
3117	
4797	
4941	
3161	
7500	
7602	
1538	
882	
7398	
4830	
1295	
5047	
3369	
1334	
7082	
1256	
7065	
427	
6869	
2839	
5910	
981	
7572	
268	
2662	
6065	
3986	
6474	
7737	
1910	
5607	
2408	
3247	
5150	
1913	
8379	
8147	
8653	
2303	
4870	
3694	
835	
7070	
8107	
1560	
3266	
9075	
714	
2817	
2337	
3033	
137	
884	
8032	
3654	
9241	
8283	
528	
2344	
8493	
6592	
3608	
3378	
707	
8398	
8840	
1173	
7462	
1674	
177	
4993	
978	
6226	
5264	
661	
8489	
8208	
6213	
6432	
8777	
3922	
7946	
2065	
6982	
5960	
1120	
2873	
1943	
9390	
7479	
1846	
486	
8340	
1143	
1414	
6221	
4976	
6562	
7239	
9674	
2511	
2732	
4539	
110	
9562	
1871	
9115	
6832	
3157	
397	
5478	
5686	
2185	
8788	
8321	
6320	
3260	
3012	
5831	
4371	
5844	
9875	
7517	
2151	
6940	
4114	
9172	
8610	
6848	
8325	
5171	
8097	
1148	
8852	
5630	
991	
1977	
7798	
5034	
2110	
7265	
2366	
9237	
1052	
7817	
9717	
286	
205	
5912	
6195	
5326	
4813	
6542	
5968	
3448	
3979	
7518	
9790	
3139	
3224	
6948	
8172	
3595	
9121	
3156	
1517	
9337	
1974	
3965	
4605	
1441	
7648	
4398	
4192	
6369	
151	
8094	
9050	
9822	
5021	
8831	
7853	
4490	
3719	
2006	
505	
6193	
1644	
2724	
3183	
4228	
5716	
9787	
8635	
653	
3580	
4373	
8952	
3643	
8256	
1708	
8917	
1692	
946	
8484	
3522	
3363	
4654	
7697	
9909	
5444	
28	
2388	
5097	
83	
3460	
8319	
8542	
9551	
6821	
3357	
9851	
8961	
4250	
7489	
4354	
9691	
4066	
8924	
2413	
5574	
1625	
3446	
8092	
541	
8758	
9850	
3822	
1101	
5304	
8120	
1020	
2608	
4524	
2092	
2356	
374	
4894	
8585	
6432	
7286	
538	
3269	
3779	
2662	
7448	
7772	
4024	
6262	
4312	
8264	
6380	
5841	
1675	
1759	
7111	
6310	
1611	
6810	
3791	
632	
4806	
4110	
6890	
8369	
2338	
2370	
6953	
8188	
8516	
6071	
4751	
914	
7683	
4053	
986	
1269	
2322	
7786	
8980	
7805	
8816	
7023	
9510	
7746	
1862	
6386	
800	
5829	
5624	
673	
6759	
2686	
2251	
6733	
5761	
4811	
5823	
6302	
9561	
8850	
4536	
8236	
3758	
7083	
3272	
3481	
4493	
7593	
5790	
6325	
4769	
3532	
1602	
8731	
629	
1874	
1990	
5933	
5700	
835	
7230	
3891	
3344	
6517	
1470	
7696	
1456	
997	
3171	
6842	
7282	
9	
2862	
3894	
7638	
4140	
9575	
9783	
7895	
1537	
2746	
6776	
4133	
601	
5369	
5560	
3181	
5690	
5362	
2849	
3440	
535	
1572	
2187	
5746	
1526	
6367	
5644	
8879	
6478	
7190	
4486	
8556	
4731	
6332	
3013	
6032	
6101	
4134	
8185	
5964	
8391	
5607	
7646	
829	
2950	
7539	
2787	
1566	
1941	
6016	
4457	
6903	
9511	
8594	
5680	
9628	
4828	
1983	
8766	
4514	
865	
1857	
2926	
1810	
4834	
5169	
9846	
9278	
1331	
309	
3827	
248	
3940	
8578	
1831	
8301	
7096	
5432	
4118	
5189	
1299	
1962	
4295	
496	
6852	
2218	
2137	
1029	
2392	
7466	
532	
4353	
2444	
7168	
7499	
5686	
419	
8386	
7782	
6815	
3449	
9027	
6005	
6345	
3361	
7431	
9357	
5479	
7462	
4318	
2609	
1339	
360	
1858	
5749	
6107	
5542	
2008	
7783	
1136	
5974	
5435	
68	
341	
9699	
6645	
8563	
3421	
2741	
3566	
153	
547	
6343	
8655	
8687	
7107	
9206	
4505	
1416	
6906	
3834	
8499	
1767	
5713	
7948	
4202	
7984	
1884	
8852	
5381	
5114	
3349	
7375	
1966	
2675	
8591	
8429	
948	
4191	
3527	
5557	
9305	
5627	
1873	
8760	
5061	
7306	
5479	
3952	
5871	
473	
3223	
4671	
292	
982	
8691	
2738	
9811	
2318	
3759	
7588	
8579	
1539	
3212	
6428	
5574	
4779	
8341	
2827	
1384	
8980	
3748	
1646	
7498	
3416	
9672	
1625	
496	
1469	
1005	
2953	
4947	
2306	
3956	
923	
3961	
6351	
7100	
4431	
8181	
1696	
8051	
2511	
7212	
6775	
5979	
7482	
160	
5797	
7544	
4225	
4787	
7635	
2531	
6223	
8243	
658	
8508	
1794	
570	
7960	
8525	
5381	
7089	
1726	
1219	
92	
8072	
7931	
3790	
8707	
2778	
8074	
7053	
6068	
3041	
9378	
710	
1413	
5366	
6246	
7351	
6881	
3358	
8657	
8604	
1585	
8016	
4248	
6680	
8092	
8036	
9198	
2099	
5559	
2264	
5241	
9626	
9182	
4817	
556	
202	
2777	
1449	
9876	
2712	
6124	
9580	
9182	
217	
443	
1942	
6601	
3269	
2102	
2011	
1894	
4734	
9630	
890	
8143	
9720	
9588	
4712	
8996	
980	
2837	
1219	
236	
5456	
468	
4669	
2590	
8612	
4675	
6493	
1026	
67	
1021	
3318	
369	
1327	
7944	
2869	
1967	
1058	
3919	
1025	
7359	
6195	
167	
1634	
9228	
1709	
7039	
939	
8355	
4862	
706	
3255	
8496	
7584	
803	
7861	
5652	
9477	
979	
9386	
5017	
7399	
460	
4557	
5025	
5312	
953	
3068	
9897	
3484	
5608	
7442	
9165	
2513	
7929	
2386	
9773	
4700	
243	
8670	
5770	
2248	
2936	
6539	
3529	
9971	
8058	
244	
1812	
1550	
692	
1485	
3961	
3629	
929	
6217	
4289	
6169	
4947	
6174	
8258	
7946	
7116	
4694	
7415	
2627	
8111	
9630	
1733	
5719	
5327	
2434	
8224	
5319	
7773	
4524	
5875	
8762	
305	
9248	
2960	
1687	
7014	
2703	
2936	
7011	
2469	
7523	
8931	
1385	
1816	
8930	
8240	
1740	
1273	
7830	
2656	
493	
5370	
1857	
5975	
2141	
4743	
5672	
3103	
3234	
4482	
9416	
3337	
768	
9306	
6770	
601	
4003	
3261	
2331	
5939	
1683	
7234	
1543	
5925	
3597	
8098	
8181	
8663	
3332	
9842	
6740	
1983	
7994	
7177	
818	
1426	
9818	
76	
7458	
9191	
6814	
7771	
3501	
8885	
3653	
1001	
2307	
2131	
4549	
9856	
63	
6287	
1244	
5227	
8493	
6443	
6460	
1723	
184	
6619	
7681	
6788	
2512	
8502	
9720	
5600	
2434	
1933	
4536	
9847	
8600	
8866	
9531	
8199	
2898	
5765	
5512	
6268	
2403	
4751	
6022	
5915	
5112	
1897	
9712	
7145	
703	
6594	
3708	
2295	
7941	
5018	
2580	
8277	
2527	
5559	
500	
4274	
6525	
7430	
7761	
7193	
621	
6458	
3825	
5340	
3631	
9325	
2636	
1937	
5477	
1545	
1040	
6758	
3620	
1286	
2511	
5083	
5460	
8475	
2240	
8121	
6765	
9740	
5228	
4653	
9101	
4435	
9014	
2982	
2771	
8056	
9296	
4864	
4604	
5951	
9180	
5774	
9027	
4529	
5416	
9550	
9228	
5307	
8449	
4206	
5981	
2002	
6914	
6727	
1520	
5817	
200	
5350	
4726	
1052	
3740	
473	
6307	
484	
3761	
6220	
4699	
4481	
6552	
4489	
4856	
147	
2047	
6717	
3465	
7574	
6614	
3247	
4156	
2046	
1582	
9226	
9649	
9706	
4544	
7201	
6988	
9566	
7650	
9156	
2154	
4479	
1306	
388	
9672	
4168	
5549	
1001	
4359	
1609	
4055	
714	
6863	
4535	
7985	
3369	
2581	
892	
1349	
5545	
3571	
2844	
844	
8960	
3169	
3932	
5449	
5716	
5133	
7783	
9046	
1546	
4089	
7737	
887	
9556	
3708	
4460	
2491	
1753	
567	
4531	
470	
8609	
1940	
1788	
2875	
4224	
5078	
1243	
2508	
8900	
1309	
2270	
2047	
7393	
2231	
1480	
1253	
7732	
754	
5957	
7166	
3788	
4623	
8603	
2399	
3906	
9764	
3862	
7803	
4110	
8392	
4473	
6379	
1184	
4828	
6743	
7406	
1163	
1308	
8203	
1191	
6879	
9988	
5968	
9948	
6202	
1660	
3538	
7879	
8360	
5871	
3181	
7788	
9452	
4338	
725	
2168	
7604	
4958	
1675	
5596	
704	
6580	
970	
8317	
8108	
8029	
2621	
8689	
5673	
6999	
4647	
9742	
414	
1099	
7726	
4573	
899	
161	
5743	
9136	
7521	
8623	
8938	
8370	
8243	
7259	
7869	
9179	
1954	
3741	
1596	
1516	
9577	
3137	
3975	
6771	
5254	
9309	
8639	
9515	
2559	
1020	
3315	
7293	
8216	
2378	
7673	
6569	
9961	
4153	
5731	
3278	
5563	
2367	
7780	
5996	
7718	
2762	
6659	
4001	
4227	
3282	
9253	
6516	
4828	
2619	
2189	
6545	
4407	
4455	
6422	
9366	
1346	
2280	
7610	
623	
2107	
5631	
6558	
1778	
2431	
6319	
5257	
4914	
8206	
5932	
2317	
5913	
2923	
6271	
110	
2453	
4530	
3682	
7954	
5975	
5396	
4502	
7442	
7268	
4964	
3561	
1111	
1712	
5407	
4504	
4011	
7870	
7598	
588	
993	
7946	
6217	
7895	
2372	
5567	
9094	
2173	
1549	
7859	
8201	
7908	
2137	
8405	
1648	
593	
4820	
3566	
635	
1013	
3761	
9176	
1372	
4185	
6274	
3966	
6665	
3500	
3071	
6759	
2799	
2549	
9181	
9850	
7743	
2821	
2633	
7010	
7149	
1642	
6246	
4281	
262	
7275	
6910	
585	
8363	
889	
4365	
601	
2558	
5077	
454	
4064	
3338	
9967	
1389	
160	
1240	
4273	
2178	
7946	
9969	
3502	
4598	
8568	
3211	
546	
8605	
5630	
4126	
1834	
4523	
8790	
4725	
4309	
8944	
5683	
852	
9999	
3387	
4567	
2577	
1843	
9464	
7157	
2473	
8057	
5803	
931	
659	
9872	
2807	
6143	
4040	
1410	
2025	
7288	
9948	
7699	
7783	
3780	
474	
9694	
898	
4549	
4253	
9902	
2425	
9271	
1204	
228	
105	
3808	
4253	
6042	
5851	
2867	
6470	
3059	
5107	
2501	
6654	
733	
5191	
9332	
9523	
6507	
4601	
7773	
5087	
3688	
2541	
6222	
5193	
1159	
1820	
2612	
2090	
1399	
6236	
5401	
5089	
7683	
1925	
1391	
1859	
8998	
9789	
4840	
34	
5051	
4732	
9650	
9555	
9411	
2583	
6143	
4178	
1842	
7752	
4516	
522	
4786	
9143	
3320	
9248	
3408	
4502	
7370	
224	
8187	
3130	
9903	
910	
8815	
6024	
5551	
5686	
5991	
4524	
8901	
6543	
8828	
8073	
6958	
2409	
3040	
1528	
6697	
1079	
3141	
6960	
7331	
8284	
6953	
2480	
3348	
1325	
254	
4238	
2855	
1842	
1622	
5	
7877	
1373	
5751	
324	
627	
746	
9698	
3636	
2876	
6320	
6425	
4956	
9534	
2460	
8805	
2814	
8101	
2654	
8111	
5759	
9404	
9137	
8941	
5262	
2474	
1362	
2900	
6322	
9881	
1074	
6168	
6292	
9131	
3824	
4506	
6633	
6887	
8813	
572	
4458	
2487	
625	
5220	
3689	
7307	
4784	
6773	
85	
2600	
8515	
7746	
2227	
3440	
4817	
5800	
6132	
380	
3134	
4376	
246	
1024	
4501	
552	
6303	
5519	
6844	
1721	
7249	
9450	
3941	
3669	
3770	
3699	
7344	
4055	
5329	
5588	
3371	
1628	
3850	
391	
612	
8413	
3469	
879	
4380	
7602	
714	
6818	
9518	
5976	
4476	
1729	
4543	
4484	
3410	
9179	
7679	
5700	
931	
3363	
9617	
9807	
1692	
2431	
3990	
9735	
4191	
2180	
6136	
5741	
3646	
2749	
3160	
9963	
8592	
8370	
9694	
473	
8644	
9656	
5520	
2725	
8140	
9182	
3777	
5831	
5428	
9781	
6585	
1037	
5480	
3250	
7298	
1539	
4180	
316	
8583	
6006	
9707	
7691	
9310	
7157	
222	
759	
3465	
7018	
9885	
8171	
75	
9173	
4479	
5620	
1453	
7311	
261	
6437	
6281	
1396	
3302	
3015	
5238	
5863	
1251	
3977	
2644	
7789	
4125	
1744	
6687	
3682	
8136	
9291	
7211	
4612	
2756	
6692	
2157	
934	
5265	
7727	
7044	
1785	
5014	
633	
5072	
3927	
5903	
9136	
6292	
9473	
5760	
3550	
1348	
8341	
5118	
2842	
909	
6312	
7680	
473	
1384	
8254	
30	
5140	
4973	
8077	
2612	
8348	
7766	
2653	
3981	
7684	
9714	
8146	
7659	
2343	
7814	
1439	
6697	
2671	
3225	
7627	
6072	
2739	
7200	
5773	
6413	
1967	
3073	
9787	
7629	
8895	
3455	
8892	
960	
8898	
3180	
7440	
9415	
7796	
726	
4301	
5105	
9580	
9849	
3127	
2224	
6991	
7972	
5304	
4922	
1649	
9584	
3539	
9668	
1513	
2733	
5471	
3536	
1561	
8481	
2085	
1194	
1102	
9820	
8471	
6706	
6831	
4076	
1216	
199	
2232	
3513	
1895	
4906	
4305	
7568	
3210	
3973	
3568	
9147	
2673	
4166	
7090	
3849	
144	
3401	
8075	
9787	
4335	
8423	
1838	
9677	
7574	
5258	
3243	
1853	
230	
7643	
438	
1622	
7714	
2145	
2013	
1912	
4329	
711	
5854	
6527	
3176	
2694	
9597	
9124	
202	
5591	
8019	
6079	
5960	
5199	
8477	
7355	
6713	
535	
3064	
7546	
5226	
4443	
5410	
7902	
9283	
7955	
9412	
8221	
4437	
8930	
7213	
4809	
5595	
1337	
1971	
2338	
24	
80	
5978	
5153	
9602	
5942	
3082	
7244	
308	
8147	
6690	
9821	
6436	
6173	
2800	
8885	
8514	
8993	
9386	
1191	
9639	
3081	
8933	
4842	
5290	
5853	
7215	
4955	
7458	
3013	
1159	
4533	
3822	
5325	
626	
4243	
9185	
7123	
1756	
4249	
9045	
8849	
1433	
2468	
2330	
6017	
6528	
3074	
3918	
1502	
9563	
8004	
2961	
489	
5221	
988	
5702	
7515	
43	
7691	
2124	
4021	
3096	
267	
3132	
2502	
3242	
5311	
9018	
1623	
9269	
5803	
6901	
7330	
9086	
7770	
5687	
9374	
4621	
7805	
1912	
4451	
8611	
8923	
5796	
3569	
5456	
7483	
5353	
9858	
1782	
9339	
3561	
9822	
7826	
5742	
9355	
5969	
2579	
797	
8935	
3142	
9274	
9881	
8858	
5252	
3878	
3227	
6560	
2371	
8862	
8253	
6743	
1886	
176	
2347	
3146	
2392	
4463	
3186	
1021	
1364	
9649	
2633	
5538	
5931	
262	
8901	
8776	
5805	
1125	
6354	
2013	
1733	
141	
3505	
1827	
8458	
3289	
6081	
5666	
3327	
9573	
9108	
8603	
7497	
9159	
4805	
8062	
9230	
2714	
3776	
1376	
5816	
9785	
9498	
2105	
4951	
7928	
1711	
8161	
6320	
9440	
5047	
9847	
9112	
3974	
1574	
7246	
1186	
6417	
4711	
1855	
5488	
2911	
5046	
5861	
6994	
6148	
9676	
4743	
6263	
1181	
8998	
6338	
7945	
5498	
2929	
4177	
9448	
6602	
6734	
6972	
910	
2163	
3260	
7874	
2782	
8979	
6449	
326	
426	
2564	
9979	
558	
2970	
886	
825	
9421	
7577	
5249	
5917	
7822	
2643	
4992	
605	
5352	
2484	
4430	
8737	
1849	
5413	
77	
1205	
1570	
4836	
1574	
5570	
6842	
6962	
1772	
6775	
641	
3412	
2137	
5502	
5375	
713	
1071	
980	
8369	
772	
6603	
3656	
9757	
352	
7302	
3709	
6949	
7780	
9611	
1737	
8265	
3186	
3630	
3239	
4116	
3559	
1443	
2484	
7469	
3626	
6074	
4019	
8727	
3187	
5676	
1720	
3435	
9079	
8431	
6176	
4239	
480	
9066	
2333	
4051	
3749	
4896	
2303	
9125	
6614	
7856	
7144	
4402	
7955	
8906	
7534	
4175	
1020	
4192	
5637	
2315	
2930	
3258	
4310	
4721	
667	
2213	
5982	
2663	
5752	
1964	
6907	
4506	
3759	
8331	
7505	
479	
7370	
7123	
8406	
6713	
639	
8630	
6203	
7794	
6174	
8216	
3033	
8451	
873	
1253	
4198	
9099	
322	
1308	
5649	
1383	
6473	
4882	
896	
9474	
9006	
7739	
6685	
332	
3492	
4922	
4697	
9138	
2277	
6020	
1759	
381	
205	
5687	
3311	
3485	
3613	
7145	
6700	
7569	
4434	
5008	
1300	
4174	
9958	
3147	
6877	
6305	
5758	
5209	
340	
6038	
9457	
9934	
6384	
7284	
9237	
9491	
1584	
2889	
4307	
6329	
7323	
5979	
6745	
7351	
3561	
2339	
1666	
8236	
9218	
5992	
5606	
7341	
4055	
4663	
3805	
8917	
9228	
8165	
7420	
4418	
118	
9712	
6067	
9868	
4550	
5835	
5955	
4957	
2588	
7415	
9208	
2120	
6204	
6978	
3077	
1263	
9590	
6742	
209	
8304	
8	
7295	
4127	
5593	
1079	
6030	
3754	
302	
5994	
9576	
7223	
2573	
5815	
1482	
9658	
8905	
9065	
3641	
5451	
5061	
6642	
27	
1773	
5719	
6927	
1245	
331	
1171	
2522	
4118	
9507	
181	
2159	
7910	
8105	
1829	
3022	
955	
7604	
4920	
7597	
3367	
9159	
1623	
2507	
4002	
6375	
6619	
1367	
4986	
5461	
1492	
471	
3850	
9437	
5111	
3582	
9387	
8358	
7627	
4389	
4448	
38	
2220	
6355	
7706	
2265	
7489	
5373	
9205	
9789	
23	
6166	
3764	
9231	
4491	
8775	
7092	
9498	
1580	
8689	
2368	
446	
623	
9660	
3471	
8810	
4350	
9562	
2988	
6843	
3846	
5064	
986	
462	
964	
9534	
3880	
5045	
1853	
5999	
7227	
6547	
717	
6650	
8569	
3489	
647	
1555	
522	
2949	
1307	
5710	
1707	
5007	
7194	
4625	
3398	
8586	
537	
2433	
4218	
8156	
1080	
7619	
190	
8182	
7084	
7652	
985	
1166	
1062	
9918	
7161	
4721	
6423	
5879	
8643	
9993	
8417	
633	
1109	
955	
4018	
6618	
5085	
9742	
3786	
3342	
6343	
1141	
7599	
9280	
8209	
7562	
2294	
684	
7483	
4368	
3326	
7469	
5636	
6875	
8995	
5275	
4946	
9839	
1918	
1791	
4941	
7779	
9874	
9054	
4294	
4813	
9859	
9046	
1279	
9290	
3423	
8738	
1416	
3707	
1707	
2345	
359	
4569	
6409	
3274	
4454	
8300	
8980	
6627	
1255	
3604	
3469	
7182	
5999	
24	
8242	
3368	
6841	
492	
6212	
5085	
4017	
7497	
5607	
7395	
821	
3991	
2689	
3860	
6872	
4387	
5818	
1666	
417	
8725	
6694	
3213	
1485	
5379	
3144	
8440	
1866	
5366	
5512	
1171	
8908	
8247	
9932	
5210	
8116	
5229	
8592	
3083	
5016	
1958	
6980	
5026	
1691	
192	
4894	
2274	
9292	
9856	
8640	
4218	
7162	
8625	
1375	
5393	
7054	
9737	
4006	
8412	
1439	
5444	
7608	
5963	
6814	
7009	
4200	
3506	
5428	
2813	
3926	
639	
6671	
1652	
7440	
4991	
4673	
9504	
2582	
1635	
4201	
8005	
6612	
7005	
603	
1710	
8199	
6488	
733	
3843	
3677	
60	
4354	
4887	
5019	
2970	
3762	
1321	
8105	
3880	
4199	
2120	
1394	
2992	
8925	
5771	
4710	
6330	
6018	
4925	
6789	
8073	
3977	
2698	
720	
783	
1429	
2218	
323	
4314	
5267	
1108	
5555	
4281	
2535	
6139	
5865	
204	
7652	
6699	
6404	
7086	
9065	
9782	
1802	
9908	
3320	
2528	
1625	
7340	
3012	
7708	
3615	
7398	
326	
4790	
2625	
317	
5957	
1928	
4972	
8432	
3052	
1254	
8860	
1225	
4563	
3994	
1150	
4036	
8474	
966	
5213	
6186	
5914	
103	
638	
9795	
4760	
2948	
7071	
914	
7042	
9209	
6257	
7884	
1928	
4358	
3622	
5381	
584	
7228	
2821	
6472	
4189	
1595	
4388	
6941	
6081	
245	
1355	
1047	
1331	
9047	
5819	
5790	
308	
2656	
756	
5216	
7209	
3074	
2497	
8425	
4605	
3023	
431	
8359	
6029	
1338	
3344	
3446	
6594	
2916	
5239	
7610	
8887	
8224	
1297	
9735	
6728	
5323	
4614	
456	
7890	
3887	
9708	
9729	
4606	
1759	
4568	
3928	
7616	
591	
3411	
112	
887	
9365	
8899	
2196	
337	
8147	
9606	
2917	
2482	
1567	
4507	
8551	
3565	
7984	
9748	
7179	
3717	
3529	
4303	
5182	
2031	
2832	
9301	
597	
4537	
4830	
5483	
2954	
5691	
786	
7717	
5154	
2461	
5435	
628	
7857	
8039	
5794	
5971	
6409	
4552	
7098	
1073	
302	
2143	
8434	
8762	
5452	
6881	
4845	
3096	
3642	
9756	
1440	
4376	
1776	
8160	
854	
6752	
9990	
2068	
8379	
5720	
7501	
39	
681	
8278	
6674	
1816	
7115	
9090	
2105	
6608	
8144	
9241	
204	
5869	
7216	
9361	
9240	
890	
3694	
9370	
5930	
4271	
8694	
3623	
722	
619	
8254	
113	
841	
790	
9823	
5906	
1625	
2967	
9281	
9572	
2375	
6528	
675	
2668	
7896	
2251	
573	
1325	
3625	
6559	
5463	
1805	
2727	
178	
4551	
8585	
3405	
893	
6606	
1965	
3226	
6407	
409	
2786	
7493	
8091	
9439	
1204	
9628	
6690	
8709	
6565	
1735	
5123	
6502	
4392	
5743	
4260	
7368	
2664	
2719	
3140	
6388	
4744	
6322	
9197	
2268	
8641	
7582	
3561	
8964	
3635	
4810	
6402	
7587	
7429	
9545	
6958	
5984	
4341	
7450	
4851	
6136	
2145	
1263	
7644	
777	
472	
458	
3431	
6073	
5865	
7488	
8348	
9871	
3971	
4611	
1343	
6271	
8342	
1726	
5219	
3109	
4102	
2674	
3700	
9013	
8603	
8566	
6181	
6773	
432	
5316	
7507	
515	
4310	
4247	
8430	
8431	
2854	
3439	
4381	
6772	
4296	
2883	
2490	
4464	
2307	
4811	
1726	
5496	
2751	
6430	
6080	
7223	
8133	
3893	
9820	
7786	
8900	
3475	
3609	
8863	
32	
9922	
7238	
6870	
1186	
4857	
1861	
6436	
7191	
1294	
8699	
6674	
7637	
9480	
5578	
6753	
634	
3685	
408	
7682	
4066	
5223	
591	
9358	
1104	
9613	
6429	
4891	
8560	
9837	
4348	
5300	
5479	
5749	
7046	
2794	
2932	
6330	
1307	
7940	
8438	
7256	
148	
233	
7463	
7404	
3928	
5994	
4319	
4439	
3271	
6200	
340	
7764	
584	
3164	
940	
3723	
8141	
5551	
4880	
3002	
4955	
363	
1611	
2502	
8876	
4349	
2570	
1889	
1871	
5218	
6459	
139	
9679	
7292	
7178	
5109	
9823	
8798	
2893	
9436	
8711	
7257	
7252	
4849	
581	
2236	
4041	
3874	
8013	
9963	
1895	
5137	
3755	
9923	
8273	
400	
1547	
1467	
179	
2586	
417	
4055	
2349	
6406	
6007	
5856	
6853	
4785	
1863	
250	
3795	
31	
171	
9992	
6605	
6358	
1000	
3592	
6721	
4561	
3711	
3831	
3547	
3683	
7647	
858	
2596	
3031	
8527	
880	
703	
1119	
123	
4558	
969	
3102	
7299	
4070	
9418	
76	
693	
4983	
1194	
6300	
4264	
1020	
3929	
151	
6781	
9568	
4145	
1061	
797	
630	
3656	
6632	
914	
1647	
1387	
1942	
6173	
8772	
9859	
7968	
3486	
9961	
5759	
7845	
2523	
6997	
8924	
5257	
413	
8923	
7019	
2472	
9630	
5559	
5423	
9294	
2092	
5688	
560	
2249	
3090	
8813	
1366	
2145	
7925	
4072	
2696	
7933	
4047	
8886	
3421	
1964	
9002	
7966	
3211	
7181	
2060	
3698	
7673	
8894	
1110	
2713	
2483	
8751	
9596	
4125	
3282	
2680	
7737	
1289	
2110	
56	
1770	
1287	
7222	
2199	
8674	
9645	
6714	
7114	
9333	
1914	
6502	
707	
6456	
3339	
1307	
4065	
1524	
8040	
4382	
7069	
1180	
3025	
8929	
7262	
753	
3453	
786	
4198	
5734	
8967	
5843	
5216	
936	
6383	
383	
4938	
9451	
4734	
3442	
3460	
5062	
3618	
7474	
9611	
8803	
3550	
9004	
3800	
3341	
7173	
3870	
5076	
7060	
4386	
1824	
7767	
5536	
3607	
3463	
5527	
7227	
6779	
5763	
1329	
2884	
5135	
6513	
5347	
2334	
8941	
167	
9063	
3857	
7068	
8589	
5456	
9211	
5861	
5623	
9361	
7377	
2162	
1656	
4138	
9278	
9380	
6852	
2163	
2720	
7178	
4163	
7729	
7031	
9905	
457	
4552	
317	
2193	
7321	
565	
7899	
537	
4228	
2797	
9407	
9349	
2447	
792	
3603	
4651	
8591	
3945	
2325	
1815	
9138	
5820	
5506	
2994	
2795	
8494	
5305	
2488	
2141	
2459	
5168	
3543	
6282	
8727	
5632	
57	
1179	
6516	
7261	
911	
8466	
6815	
4140	
9570	
8863	
5657	
6235	
5571	
3905	
3569	
1672	
2328	
7907	
6932	
9114	
4746	
8098	
7838	
792	
7180	
8627	
3463	
9074	
9271	
1391	
4072	
9389	
1510	
880	
6495	
6876	
7790	
4177	
296	
419	
3369	
9781	
8375	
3839	
1472	
5876	
3528	
348	
9805	
152	
8389	
190	
7228	
7111	
6591	
9524	
1422	
8110	
5441	
9320	
1632	
1177	
6555	
5743	
9294	
7114	
7970	
8962	
6305	
6160	
9414	
7935	
9528	
750	
815	
457	
9530	
8290	
337	
7177	
2194	
3236	
8296	
7550	
2370	
1857	
8197	
4326	
8662	
7872	
7788	
6677	
7938	
1725	
7311	
9700	
2904	
2241	
7331	
1785	
9549	
3332	
2672	
4437	
5838	
2718	
44	
5639	
660	
7869	
878	
7755	
7922	
4606	
9521	
1703	
3379	
4047	
6106	
8501	
9500	
2118	
9100	
7874	
1492	
9586	
2028	
8099	
2835	
3097	
7540	
5841	
1656	
8269	
4843	
331	
5893	
9892	
1321	
6525	
4937	
5608	
1811	
3919	
160	
855	
9565	
1092	
7747	
3881	
3587	
948	
5366	
7855	
7747	
7781	
1851	
1455	
5451	
1638	
7560	
6347	
2888	
9991	
719	
7255	
47	
8210	
9847	
7546	
9069	
6812	
6073	
6443	
9139	
7292	
3413	
636	
7183	
7798	
7560	
1157	
4925	
8237	
6200	
6473	
4451	
510	
9643	
1168	
4722	
1185	
7928	
6197	
1095	
2622	
4607	
7325	
7335	
3152	
9467	
5380	
4658	
1627	
5632	
1568	
8426	
5485	
4754	
9646	
9750	
8661	
5907	
1623	
8472	
8409	
8232	
7569	
6593	
5100	
3685	
3293	
2094	
9791	
4180	
1265	
6624	
5222	
6435	
854	
7602	
4117	
7740	
9082	
2642	
226	
5331	
4002	
1808	
6917	
3214	
4768	
3407	
1586	
7091	
939	
1205	
7039	
3543	
92	
392	
8214	
8627	
1418	
8997	
4565	
1707	
4149	
319	
1402	
4078	
5066	
7980	
816	
3723	
5314	
6333	
7548	
1588	
9643	
6277	
2722	
4654	
7102	
5396	
5483	
6646	
5509	
314	
889	
3550	
1916	
2266	
4717	
5006	
307	
1559	
7514	
3495	
5164	
7794	
1176	
8298	
5383	
5262	
7629	
2911	
5034	
6023	
6955	
9289	
2189	
3332	
5883	
6442	
6937	
8245	
5687	
4661	
7154	
7349	
4149	
9142	
9798	
7344	
5912	
6622	
8706	
3779	
6356	
9059	
7325	
231	
4287	
1685	
7881	
4029	
3792	
921	
27	
3490	
9890	
4587	
4935	
4467	
9125	
1965	
128	
4868	
3732	
1614	
5018	
6336	
9822	
1174	
760	
8162	
9392	
5301	
8845	
3738	
3415	
11	
4011	
3713	
5900	
3704	
1625	
6884	
8061	
1811	
4497	
780	
3791	
4998	
6190	
3376	
4750	
1870	
5810	
3913	
7662	
2727	
5109	
1914	
7487	
3022	
4570	
8302	
3520	
5663	
1525	
1369	
359	
3430	
5700	
2950	
3695	
9935	
8352	
59	
6396	
5540	
4963	
4283	
286	
4242	
2065	
5909	
9322	
1947	
5886	
211	
5904	
5242	
139	
4727	
8542	
5495	
6723	
7319	
8646	
5412	
6137	
159	
9449	
6424	
6601	
6314	
8540	
5607	
3384	
6113	
8412	
4471	
608	
1090	
1302	
5634	
4817	
5575	
6801	
3550	
479	
1136	
4140	
3009	
4994	
1500	
2656	
5389	
2731	
8283	
1373	
4362	
5334	
8683	
6911	
2752	
7967	
7636	
9868	
1012	
4080	
4832	
4986	
6418	
8757	
4231	
8483	
5755	
1612	
5618	
5228	
2195	
6608	
7124	
4516	
1333	
5977	
1413	
709	
327	
9964	
5723	
2314	
3360	
5292	
1537	
2972	
9596	
7241	
8084	
6699	
6950	
4376	
107	
814	
4757	
7964	
1593	
6491	
9059	
8133	
4168	
240	
437	
9386	
8432	
8684	
5738	
9226	
8311	
3136	
7528	
7762	
7614	
6783	
9757	
1969	
4833	
3100	
2762	
3086	
6244	
6364	
3119	
3679	
9211	
3716	
3193	
7937	
8619	
4352	
9116	
970	
7655	
6699	
7957	
8053	
8892	
4413	
2362	
6331	
8032	
2614	
3951	
6150	
9957	
6948	
460	
6665	
3042	
154	
5534	
1996	
9628	
3360	
8224	
1613	
6346	
9381	
4815	
5874	
1519	
8064	
7568	
2394	
8235	
6128	
1752	
4546	
1418	
6602	
9182	
3836	
1303	
4179	
2747	
785	
7090	
6614	
3365	
8495	
3508	
5011	
8555	
6398	
702	
9688	
3266	
2559	
5578	
8594	
3771	
3364	
9958	
4961	
9070	
8649	
6195	
5052	
7600	
1219	
7149	
6134	
873	
3164	
7494	
7526	
8885	
6264	
6872	
4549	
4409	
3001	
3572	
6465	
8090	
7471	
4131	
6472	
508	
9675	
9507	
5184	
8978	
5671	
7392	
7432	
7730	
3988	
2796	
2278	
9713	
1762	
3235	
1999	
1337	
5270	
7546	
4898	
912	
6413	
2937	
4167	
9006	
1519	
9972	
9368	
2117	
4227	
6254	
3078	
7493	
2125	
8152	
787	
6758	
8600	
8958	
4699	
4499	
3566	
3758	
2416	
2075	
981	
5823	
7623	
5599	
3906	
8920	
5797	
9	
4554	
3546	
7072	
3436	
5078	
4584	
2953	
3481	
5556	
2855	
174	
8176	
8322	
4946	
3424	
4341	
1777	
2545	
4180	
2411	
8590	
8271	
2132	
4981	
5044	
7293	
9165	
3651	
4374	
3219	
5097	
3851	
3982	
2025	
3169	
5506	
7286	
2773	
7685	
7230	
1075	
6861	
4454	
7122	
5588	
6916	
8505	
7151	
9588	
473	
549	
7108	
2885	
2924	
3389	
1839	
7453	
3984	
9417	
4249	
6008	
351	
3332	
1553	
9122	
6971	
9432	
3777	
7894	
6671	
5607	
9957	
2219	
3569	
4717	
4419	
526	
9788	
7696	
8923	
3621	
2142	
1688	
4442	
8948	
6106	
9688	
3588	
7994	
4719	
9118	
4081	
2113	
6077	
2841	
1834	
1342	
4609	
1702	
3376	
4077	
8946	
4060	
5299	
4652	
5598	
5300	
2133	
1679	
7646	
9014	
6323	
7533	
4702	
3540	
401	
4719	
5984	
1178	
8644	
3739	
6543	
8627	
358	
2227	
7611	
7766	
6074	
3135	
9977	
8436	
1149	
5657	
926	
5014	
9463	
8003	
721	
1440	
3789	
7789	
4114	
1639	
4333	
1276	
7729	
8684	
604	
9414	
3545	
3058	
7769	
3100	
7818	
1251	
54	
2739	
829	
7043	
5507	
7263	
4466	
8449	
1883	
3590	
178	
5229	
6145	
1320	
9582	
9417	
8485	
2899	
4318	
5193	
5754	
6266	
9074	
8055	
5327	
8115	
1389	
7739	
2214	
167	
2089	
6097	
868	
6891	
9666	
9435	
3142	
1409	
4401	
8914	
5182	
8680	
6552	
7204	
2086	
6786	
1572	
4315	
8463	
6377	
9457	
4993	
2172	
3679	
4076	
4468	
2293	
4401	
4502	
548	
7960	
3863	
4964	
922	
1873	
1710	
7760	
5728	
5917	
1749	
4146	
8960	
4273	
367	
8532	
7385	
5659	
6490	
7662	
1463	
2255	
6253	
9288	
7074	
7935	
1038	
9034	
4657	
4228	
9889	
5166	
9649	
7738	
4522	
9469	
5324	
1568	
2179	
3154	
6578	
7493	
427	
5704	
9594	
9910	
4884	
5432	
5180	
9099	
1898	
4318	
7087	
2155	
4047	
3659	
9893	
5088	
6168	
6487	
2674	
3833	
8033	
1648	
2922	
5112	
1372	
6051	
7526	
9047	
9755	
8221	
1397	
6710	
1734	
8475	
8656	
7002	
9693	
6907	
7376	
409	
1130	
378	
8716	
5412	
6041	
5094	
1178	
4396	
8711	
1886	
9217	
8116	
9847	
2380	
8404	
1230	
5379	
1347	
3537	
2080	
7181	
3098	
3398	
5316	
9096	
2326	
2147	
6907	
4902	
343	
3127	
6474	
2521	
4035	
675	
4204	
4994	
3429	
2024	
5872	
5195	
707	
1868	
6493	
1214	
5332	
987	
2704	
2237	
7237	
9550	
9642	
766	
9788	
4722	
9262	
4756	
2812	
9459	
5031	
3251	
5190	
9697	
208	
4091	
8731	
2155	
4877	
1570	
7954	
6885	
8441	
9504	
7282	
7939	
7029	
6521	
6590	
4694	
4993	
1674	
2842	
5386	
3062	
1410	
8301	
6383	
526	
5402	
7331	
41	
7620	
4856	
1281	
9000	
9332	
8430	
5523	
6131	
321	
8766	
8792	
1906	
8610	
8401	
4367	
1620	
9548	
2587	
8746	
3910	
1535	
9243	
5465	
1855	
8922	
4234	
9756	
2648	
5840	
5095	
9189	
7136	
8506	
6284	
1676	
2001	
7968	
5659	
6983	
8137	
2587	
5413	
7780	
3134	
8446	
9636	
6925	
7617	
127	
1921	
5750	
6219	
7634	
8050	
7905	
7535	
6561	
4048	
4071	
7043	
4462	
3725	
3812	
3933	
5581	
3368	
5615	
7803	
4787	
5076	
6073	
7555	
5072	
557	
2201	
3993	
6934	
2168	
2236	
6031	
1094	
2908	
6692	
9615	
7367	
37	
7611	
1304	
3169	
3319	
2354	
5218	
472	
1955	
5581	
54	
2437	
1502	
3131	
6985	
2156	
8506	
43	
1442	
1769	
2886	
3686	
4859	
1267	
3622	
6254	
9449	
8229	
5534	
764	
4807	
9585	
9785	
538	
851	
8636	
6473	
5607	
3270	
70	
2041	
4145	
1615	
3300	
2108	
6909	
7896	
9132	
5246	
9270	
4267	
5855	
4488	
3317	
1217	
1267	
5488	
5194	
6378	
3392	
4028	
921	
7781	
310	
1522	
304	
1875	
7470	
778	
5399	
9833	
2303	
6585	
8938	
757	
1551	
1085	
8084	
2063	
2915	
96	
1584	
2385	
9692	
2244	
2762	
4303	
8881	
2479	
9919	
2946	
4333	
4540	
6838	
6271	
3600	
9247	
355	
9449	
130	
2662	
4273	
962	
1121	
7703	
2876	
7099	
15	
5702	
8720	
5688	
874	
8288	
8078	
165	
8752	
2489	
5897	
9786	
9784	
3991	
8897	
7660	
4843	
9149	
654	
4570	
3981	
5859	
2831	
5103	
9310	
3692	
7144	
8685	
6178	
9332	
1353	
6122	
3246	
3907	
2743	
9598	
1719	
5088	
1620	
504	
8717	
8718	
9422	
9244	
373	
6347	
3588	
324	
3432	
247	
5359	
541	
5566	
3181	
3728	
9400	
5940	
8678	
6175	
3377	
5900	
943	
6171	
2481	
7034	
8558	
4535	
628	
8925	
4051	
4329	
1900	
9684	
4226	
8497	
983	
4907	
7166	
5939	
8470	
2749	
5582	
3444	
6200	
92	
390	
9150	
6119	
5424	
7304	
9925	
7320	
564	
8502	
7163	
7004	
297	
144	
1550	
6326	
3311	
183	
178	
3504	
4600	
7771	
5420	
9880	
7622	
4547	
847	
7900	
6573	
5601	
2772	
5066	
1723	
2207	
2022	
4842	
9687	
5410	
3500	
3522	
8976	
8824	
4434	
2417	
4259	
8548	
4065	
1905	
1649	
36	
9849	
7365	
6307	
8873	
2518	
1483	
1013	
3651	
9980	
6904	
2239	
2112	
341	
78	
5534	
270	
8027	
2041	
6555	
1602	
8122	
7967	
7170	
9896	
1700	
1374	
7972	
7460	
1578	
9413	
5963	
5467	
620	
8860	
9566	
8248	
4968	
8520	
4098	
3679	
9895	
6660	
2569	
499	
5447	
4750	
7876	
7101	
2605	
4830	
7001	
8233	
8708	
2577	
8170	
9287	
6796	
287	
2318	
524	
8926	
7141	
5355	
9478	
5646	
7253	
4291	
881	
2555	
943	
5598	
2392	
9716	
4916	
6004	
1886	
5597	
9776	
5533	
2078	
452	
4028	
3200	
1664	
3817	
5159	
8637	
1312	
9029	
5470	
4569	
3880	
4909	
3777	
3150	
2130	
9670	
6719	
4316	
386	
8971	
5120	
8162	
1275	
7334	
2708	
3845	
7956	
9319	
4727	
2834	
2953	
8006	
8578	
7373	
3643	
6204	
6558	
6730	
349	
9807	
9766	
4964	
1353	
7608	
9495	
3237	
2322	
3717	
5580	
8817	
2553	
7089	
2421	
3083	
2050	
5856	
3250	
3958	
2634	
7800	
1147	
1362	
579	
1710	
2606	
9369	
8439	
5612	
6511	
4917	
4121	
1979	
1856	
3666	
4710	
8388	
2891	
7387	
5700	
9588	
8579	
7316	
1331	
1983	
6195	
7010	
4700	
1220	
3608	
590	
4334	
3580	
1798	
1703	
1984	
240	
2562	
6880	
8323	
9726	
6633	
3102	
2051	
7393	
5795	
2435	
1136	
1003	
499	
3980	
454	
4571	
3973	
8403	
1412	
6808	
4216	
4566	
1607	
9851	
9653	
443	
8721	
2264	
4206	
3514	
9882	
6143	
5389	
514	
9728	
477	
9659	
3224	
2586	
5093	
1419	
563	
1194	
3606	
1278	
3349	
846	
5876	
8701	
8412	
7	
6411	
2774	
267	
3750	
3538	
5989	
4444	
1182	
7320	
1525	
2054	
1403	
3616	
6218	
6360	
1729	
5583	
5286	
6977	
9175	
9895	
6049	
1108	
4591	
8902	
9915	
5752	
6162	
3282	
9902	
555	
8330	
5368	
6821	
3938	
8383	
1754	
3687	
8893	
1790	
1288	
7740	
5292	
4169	
9071	
2285	
2503	
2322	
338	
8705	
7548	
9015	
5995	
3089	
4827	
6597	
8541	
2394	
8285	
5230	
5820	
8184	
7857	
6348	
2420	
4277	
7581	
9475	
4734	
3196	
2828	
6487	
6150	
2129	
8890	
7338	
7136	
1402	
4913	
4308	
9007	
3471	
9527	
6164	
9866	
3128	
5754	
7617	
1398	
3305	
2023	
2144	
1531	
2284	
8946	
4146	
3271	
5898	
4863	
4645	
5242	
9566	
5477	
6679	
6721	
9986	
8212	
6228	
4253	
7853	
2365	
7048	
9667	
9590	
9800	
2903	
993	
7961	
7856	
4177	
9899	
1869	
7807	
9086	
3094	
4855	
3060	
7418	
7459	
6116	
6284	
2255	
9019	
6668	
1810	
7199	
3384	
873	
7192	
2712	
5852	
83	
9669	
6975	
8805	
8482	
699	
3715	
3597	
8468	
7317	
4023	
2627	
8763	
7041	
2053	
9341	
4614	
8008	
6236	
8370	
5559	
9363	
7552	
2285	
1127	
7034	
1426	
4889	
3909	
5243	
7843	
7978	
1682	
8286	
4973	
7778	
2485	
4760	
55	
8541	
7889	
1640	
2410	
7476	
6877	
568	
3398	
6106	
662	
8098	
8516	
9477	
5221	
941	
4371	
5624	
2923	
971	
1075	
1710	
9664	
4917	
9566	
4117	
635	
6440	
6009	
6224	
3897	
1544	
3783	
6045	
8359	
3270	
6986	
4815	
4383	
1397	
141	
3042	
9386	
702	
2947	
4239	
9585	
2591	
7046	
8296	
1879	
750	
4319	
8422	
4103	
4940	
1167	
5854	
9656	
1520	
6622	
6180	
6989	
518	
588	
7550	
9250	
3120	
4647	
4811	
495	
3701	
5766	
4107	
2091	
9691	
7637	
2403	
3441	
1198	
6345	
8119	
9508	
796	
4839	
9972	
1568	
3108	
6768	
3008	
3717	
6386	
4430	
557	
7961	
426	
9353	
7699	
4544	
1218	
8163	
5638	
3507	
5891	
9833	
9910	
9100	
5858	
5679	
4939	
3903	
2444	
1250	
3503	
8160	
5717	
3031	
8034	
9595	
4283	
6038	
6597	
2034	
1715	
4598	
4015	
2485	
6081	
2617	
9398	
4296	
3882	
1229	
7637	
7845	
3686	
7920	
3093	
163	
9595	
1207	
9398	
4923	
6695	
466	
6492	
2140	
5629	
9506	
9753	
570	
6190	
381	
4181	
9150	
4051	
3620	
9843	
6725	
8446	
6257	
4738	
3441	
1121	
8907	
9634	
7347	
1873	
6063	
9296	
8498	
3552	
4874	
5840	
3840	
6541	
4255	
1148	
2211	
1191	
3849	
5939	
393	
6611	
6435	
3031	
139	
8095	
6999	
7651	
9161	
9573	
4451	
8963	
7226	
558	
5954	
5206	
3472	
9423	
2451	
8988	
4240	
2056	
4543	
1786	
8005	
1819	
5010	
6925	
1973	
4589	
3871	
5143	
8737	
6865	
5569	
9452	
3008	
9012	
4978	
5337	
2540	
1705	
735	
9950	
2479	
3812	
2345	
3022	
2632	
8948	
2651	
8271	
6997	
3643	
5992	
7897	
1197	
5623	
7890	
9154	
2320	
8538	
6257	
5195	
7819	
6657	
5593	
4964	
3835	
2826	
6537	
1594	
2526	
355	
8221	
911	
4602	
4680	
5216	
361	
1233	
1049	
1116	
5498	
3756	
8804	
5108	
4126	
1525	
4015	
1607	
8988	
8083	
6680	
6586	
4963	
8238	
2708	
5662	
76	
5084	
1447	
9534	
434	
9088	
4647	
1097	
7379	
1465	
8627	
678	
179	
2924	
6784	
2673	
7808	
3879	
5027	
9802	
5366	
5450	
6478	
5475	
9470	
8316	
5724	
2080	
5628	
4183	
5655	
139	
4141	
8098	
2118	
742	
1584	
3027	
7581	
8629	
5458	
3648	
9012	
6571	
9915	
7137	
5546	
9286	
7457	
2899	
9693	
1597	
7510	
4934	
428	
357	
5030	
7386	
5491	
7104	
3677	
6222	
4345	
7645	
6738	
9999	
635	
9598	
2484	
6275	
2320	
5744	
7966	
3983	
1766	
2245	
6794	
744	
8248	
3950	
8054	
2864	
4455	
903	
7870	
1601	
9432	
4421	
3180	
3262	
8183	
9372	
4777	
9616	
7180	
3293	
9631	
8252	
7569	
7795	
3163	
6895	
8989	
6424	
4999	
2254	
2732	
5030	
4523	
5599	
2066	
6279	
4287	
7070	
510	
8841	
3005	
8720	
695	
9801	
6705	
106	
194	
5321	
2643	
6730	
6139	
9838	
6342	
4737	
5689	
6362	
368	
4011	
5850	
9915	
5516	
1815	
6951	
6699	
5288	
6818	
2640	
5110	
9644	
7699	
6069	
813	
6900	
2140	
5883	
4764	
398	
7546	
7015	
2549	
5319	
5877	
9760	
7314	
2791	
7742	
977	
4321	
3820	
9279	
2262	
4779	
1178	
230	
9277	
1572	
6584	
2856	
1307	
3858	
5924	
9510	
4082	
4427	
6759	
3851	
5222	
6741	
8372	
2784	
7759	
1947	
3836	
9458	
3230	
4063	
5422	
6090	
4573	
7589	
5691	
8989	
8411	
8181	
6280	
9904	
6760	
843	
5194	
2127	
4777	
9177	
3626	
6742	
7223	
9232	
8940	
9113	
7200	
2930	
2834	
9248	
2970	
614	
5862	
5432	
9368	
2317	
3309	
4670	
1073	
3229	
6565	
5972	
3552	
2017	
4289	
168	
3577	
9219	
6372	
867	
4028	
9596	
9124	
2190	
4626	
2885	
6599	
7844	
3639	
1049	
2465	
5035	
1	
7497	
4560	
1272	
5744	
8373	
4573	
8855	
2910	
4356	
1760	
9388	
1188	
3682	
3408	
1513	
8154	
3033	
891	
3364	
7690	
2546	
5120	
4914	
1924	
5804	
5837	
9593	
5096	
2784	
2520	
2421	
4660	
5938	
8647	
979	
9227	
6370	
917	
739	
8125	
6377	
4473	
8540	
4736	
3203	
9797	
6892	
1701	
8868	
9209	
509	
375	
6646	
4237	
2562	
7292	
9943	
8577	
8944	
9662	
235	
5076	
3032	
1060	
8049	
3151	
6990	
4193	
9788	
6232	
524	
3790	
8101	
5198	
1679	
3397	
3616	
1817	
5365	
216	
2394	
6403	
8896	
9772	
2846	
8117	
3135	
6112	
2081	
8308	
1150	
8126	
9338	
2116	
7557	
8639	
3476	
8619	
6412	
7736	
3671	
7188	
2732	
4465	
640	
3059	
9492	
5988	
5575	
8007	
6741	
7686	
665	
4963	
6019	
3366	
2902	
460	
5448	
8578	
2050	
132	
9575	
7240	
1925	
5292	
362	
7773	
9175	
795	
9212	
4828	
8400	
9137	
3705	
2841	
9140	
1385	
6018	
7436	
6293	
1504	
9393	
664	
9003	
5146	
648	
786	
8123	
4261	
4222	
2285	
6764	
3459	
8765	
6188	
1650	
7508	
7274	
3308	
2541	
8349	
681	
6737	
2052	
7739	
4631	
4919	
5399	
3560	
1399	
4172	
7978	
3324	
2945	
7081	
4906	
3680	
1191	
8010	
4796	
43	
4453	
3976	
3385	
4167	
6109	
6538	
640	
4595	
7981	
8255	
7990	
5479	
9120	
5365	
4315	
7799	
924	
320	
8744	
4028	
9247	
1680	
6135	
157	
6181	
4118	
9348	
5780	
6982	
6452	
2514	
6712	
5997	
6191	
1971	
1741	
5830	
5407	
588	
6842	
5427	
6146	
5556	
5721	
1234	
1958	
5375	
2781	
9160	
7560	
8734	
5132	
9504	
5793	
2449	
1787	
7613	
8469	
7380	
6807	
6816	
5441	
4924	
4022	
8589	
660	
8027	
1629	
6896	
3359	
4787	
3413	
3207	
1571	
3888	
5250	
9112	
6798	
4385	
4984	
4107	
5439	
3179	
5071	
6684	
7839	
8750	
2633	
5813	
16	
9280	
9832	
3735	
8242	
4140	
1646	
87	
2872	
9228	
9746	
5457	
7514	
4590	
8848	
6506	
9747	
3880	
7859	
1093	
783	
1127	
2606	
1986	
760	
2437	
5180	
7048	
3198	
3913	
7663	
6976	
436	
9607	
9263	
9620	
2984	
8009	
4470	
9004	
2041	
3291	
9575	
6630	
2257	
3077	
9325	
3461	
5629	
8596	
376	
6785	
7771	
72	
7724	
1620	
4336	
2961	
5808	
8669	
6557	
3145	
3009	
6526	
8358	
9752	
2501	
3931	
8857	
9309	
5458	
3874	
8830	
1171	
23	
3646	
5787	
7855	
6984	
6260	
6727	
5980	
359	
2281	
5171	
8088	
7123	
3095	
3770	
65	
5293	
2230	
8555	
7749	
6953	
2011	
2966	
3322	
1518	
3470	
65	
4044	
3702	
8451	
3031	
6730	
9281	
658	
6728	
8455	
3207	
6293	
6968	
8014	
8663	
5665	
8355	
2174	
3435	
9854	
9298	
5764	
4758	
3455	
7719	
4252	
7935	
3754	
3581	
1595	
5044	
2596	
906	
3750	
2	
5447	
4561	
9083	
1326	
4392	
3010	
7864	
7853	
3339	
9925	
5841	
7211	
3596	
4557	
3120	
344	
1418	
692	
432	
5972	
6724	
2788	
4965	
3303	
5498	
596	
5882	
4618	
2623	
5375	
1083	
8805	
7481	
9003	
3852	
4123	
5537	
3470	
9452	
9718	
3718	
1945	
2696	
9200	
9727	
36	
8053	
4101	
6395	
6139	
5474	
4363	
6830	
8546	
4243	
1868	
1534	
7555	
7124	
7115	
1198	
5684	
4279	
7682	
5322	
5650	
5776	
8707	
2189	
8946	
3724	
7150	
2413	
1527	
3872	
2867	
8227	
1841	
3132	
9158	
7997	
6147	
1088	
5687	
5815	
3110	
6317	
8326	
1427	
140	
5330	
1382	
1815	
1793	
2073	
6907	
2258	
2454	
5339	
717	
9955	
8920	
1504	
7546	
5921	
6106	
4471	
282	
5378	
1894	
6133	
8435	
7415	
111	
8008	
5044	
4817	
5785	
9190	
7933	
724	
5977	
4210	
4983	
8753	
9349	
9901	
7731	
2780	
4167	
4926	
6327	
3680	
819	
908	
9234	
5483	
4754	
9752	
5593	
5810	
4046	
2655	
3510	
2829	
8549	
6456	
3113	
3296	
7418	
2115	
7604	
360	
3941	
6447	
3881	
2230	
2822	
4315	
452	
929	
7849	
8562	
4031	
5182	
3505	
3512	
8017	
6377	
1644	
8082	
335	
4132	
1628	
1945	
121	
3123	
524	
8867	
1832	
496	
4673	
7861	
6776	
5022	
1710	
5315	
7444	
3327	
6193	
9529	
1425	
8075	
805	
6675	
4459	
6265	
2936	
7635	
9813	
7196	
7153	
5853	
7271	
5817	
6905	
2579	
8459	
3323	
270	
8678	
854	
8967	
1604	
3095	
517	
9461	
7585	
8062	
7439	
8545	
1751	
6421	
9993	
499	
7372	
3849	
2330	
5658	
4100	
5887	
5469	
5305	
9814	
1527	
6358	
2418	
4765	
2420	
325	
9239	
1008	
6250	
8416	
6196	
2198	
8652	
3419	
3999	
7139	
9737	
2440	
3067	
8149	
2425	
8113	
7621	
8404	
2582	
5898	
5831	
7614	
7395	
5353	
6450	
7869	
7760	
8600	
4047	
8935	
1728	
282	
7017	
2395	
6633	
8788	
6424	
7406	
1773	
6673	
8985	
2894	
7881	
9146	
2930	
7745	
1341	
7263	
1394	
4845	
3736	
9969	
8020	
1276	
4651	
7264	
6937	
275	
769	
4988	
6809	
1530	
7110	
532	
7043	
3229	
6698	
5251	
5751	
1989	
5263	
4026	
7465	
7805	
4744	
1242	
7572	
5183	
6688	
3864	
5804	
4926	
844	
5657	
7262	
9183	
5661	
6809	
7850	
8840	
3893	
582	
6905	
212	
246	
4051	
8513	
5644	
6126	
7777	
2722	
3039	
2393	
4648	
9046	
1361	
3626	
9064	
2512	
9082	
6666	
8051	
5127	
2804	
4156	
3416	
8045	
589	
9587	
3814	
4961	
4049	
1222	
2297	
6116	
1398	
3030	
322	
4303	
2456	
1164	
143	
656	
3398	
1316	
7534	
1872	
4041	
634	
930	
2096	
3739	
5070	
804	
3186	
7518	
4832	
7797	
7601	
5088	
2415	
9075	
8400	
556	
9617	
3068	
2535	
1002	
9470	
8699	
3702	
8334	
1872	
2845	
6298	
6673	
2493	
4664	
711	
2020	
2651	
7773	
9557	
2673	
7882	
9199	
3306	
1906	
2221	
4083	
2349	
3896	
1659	
4251	
9818	
5164	
9659	
7119	
4520	
9712	
5021	
390	
1467	
7359	
2225	
2474	
2068	
9999	
4493	
2124	
6868	
4033	
6714	
630	
4758	
8895	
5836	
4074	
4098	
3728	
2077	
9728	
4737	
2440	
1868	
1708	
2195	
1375	
8293	
6806	
8104	
4141	
2133	
2302	
4379	
7504	
6112	
7420	
4845	
9700	
9390	
9323	
2608	
8340	
2984	
9646	
2057	
8796	
7807	
1286	
9194	
833	
9565	
290	
7246	
9198	
4724	
4479	
4696	
9219	
9108	
6669	
5504	
2821	
4693	
5616	
8000	
275	
1020	
2715	
9369	
1557	
5715	
3153	
1545	
5227	
3884	
4164	
7423	
4536	
3451	
4585	
6783	
1977	
2678	
1991	
4756	
5714	
6987	
7900	
378	
8370	
3173	
7895	
1779	
7799	
3050	
1292	
9918	
6699	
6978	
956	
2345	
6724	
424	
7079	
9894	
1485	
882	
6931	
3359	
6848	
3934	
8576	
9261	
2831	
1079	
2896	
9587	
7853	
3807	
2821	
5368	
5852	
3428	
8883	
1947	
3002	
9434	
6220	
8494	
580	
2488	
9869	
1866	
3656	
4463	
8062	
9222	
9636	
4108	
5736	
3670	
2961	
2848	
7354	
7088	
1487	
38	
5812	
2326	
4148	
3501	
6708	
1496	
521	
8843	
5120	
93	
1256	
6801	
4829	
118	
2371	
6586	
4450	
9202	
8917	
9161	
7941	
2785	
7796	
8377	
4572	
6671	
1053	
9012	
1541	
8864	
8354	
8604	
143	
6505	
9169	
1666	
7659	
4671	
9761	
7200	
8293	
9816	
1622	
7220	
9704	
987	
4585	
509	
483	
6620	
2390	
9328	
5978	
8795	
7863	
4043	
8038	
3695	
3065	
8398	
7824	
8541	
9974	
5560	
8936	
3954	
3016	
9328	
1017	
7624	
9108	
7740	
7921	
7183	
5958	
6908	
6499	
522	
1275	
7048	
869	
2139	
5885	
1011	
583	
1405	
5406	
6442	
5798	
4235	
2925	
5703	
8588	
3864	
1837	
8672	
926	
195	
8725	
2398	
149	
2157	
3405	
3479	
7517	
9820	
8246	
801	
3779	
3708	
4141	
2960	
2202	
1725	
1070	
3918	
792	
141	
4619	
568	
5632	
7505	
8860	
4452	
1497	
3652	
8073	
6927	
5616	
7336	
4040	
9393	
3491	
2641	
9818	
4330	
4599	
1994	
9483	
2208	
2722	
6310	
6689	
3319	
240	
1790	
8570	
3985	
9190	
9829	
5183	
7695	
6514	
2286	
5558	
8930	
1024	
4543	
3465	
1902	
9176	
8411	
3613	
4659	
9188	
1689	
2660	
8652	
8377	
3968	
4275	
4745	
851	
7645	
6283	
7218	
6491	
8162	
5977	
1588	
8447	
8869	
2796	
768	
7701	
1346	
9363	
2562	
6587	
9300	
5796	
6035	
2646	
1614	
7114	
8400	
6632	
1789	
5185	
5462	
6721	
3234	
799	
2515	
727	
921	
9005	
9606	
9697	
9189	
8465	
539	
4204	
7482	
347	
3589	
2535	
5788	
872	
4466	
9857	
6453	
6111	
4459	
1064	
3030	
5041	
4841	
5186	
2285	
664	
2735	
8244	
4299	
7973	
2113	
7441	
1202	
6151	
5416	
3479	
1955	
433	
855	
4393	
8001	
7906	
3875	
9225	
7907	
4471	
8822	
2606	
6079	
758	
9824	
76	
1646	
4648	
9889	
1656	
5880	
9528	
5312	
3004	
9057	
4909	
3448	
6845	
8175	
6259	
5608	
5954	
1847	
3571	
4558	
8492	
3144	
6402	
2574	
5085	
6376	
1460	
418	
2212	
4385	
2797	
2295	
9897	
681	
6841	
7847	
3555	
6147	
8795	
3267	
9590	
9086	
6981	
5224	
8374	
7549	
8923	
5299	
5525	
873	
597	
417	
5634	
8217	
5176	
5878	
4544	
763	
2630	
9741	
2629	
3459	
1341	
2253	
7815	
7212	
7827	
2325	
2732	
126	
3893	
8983	
3558	
5614	
4759	
1931	
9960	
1526	
4299	
4087	
8636	
7025	
4452	
3028	
4435	
8477	
974	
8406	
6349	
7606	
2906	
532	
1207	
2721	
6321	
7968	
1601	
1963	
2879	
1569	
7819	
4943	
263	
854	
5406	
6766	
8693	
7149	
9733	
573	
5261	
3323	
218	
3017	
2621	
6864	
6642	
1235	
9149	
2046	
2689	
1667	
9616	
5918	
1893	
615	
4259	
9084	
7003	
8544	
9836	
872	
11	
3519	
8742	
3483	
2481	
5885	
2341	
4454	
800	
81	
464	
3318	
6138	
2522	
2614	
9149	
1267	
9823	
6624	
1123	
9399	
8975	
3203	
1471	
1424	
3304	
6548	
3759	
4619	
1192	
1696	
687	
970	
3190	
7050	
1564	
7050	
8546	
4990	
6112	
4190	
4681	
8121	
4770	
8629	
2811	
885	
3061	
4010	
9670	
3833	
28	
6921	
1070	
7825	
6467	
6847	
6717	
6088	
5286	
7401	
2557	
9684	
5009	
8511	
7974	
3356	
7675	
698	
9608	
3033	
152	
8859	
8405	
9187	
3982	
5504	
6844	
3162	
1468	
7929	
8812	
800	
8971	
6379	
7627	
871	
2428	
8392	
4472	
7333	
9769	
1763	
7217	
2086	
8080	
2145	
2430	
7292	
4925	
5114	
6416	
838	
6714	
5785	
4206	
8295	
1460	
3973	
5918	
5769	
3296	
6379	
3697	
2587	
1928	
9803	
3078	
2927	
325	
7686	
9302	
5440	
2946	
2602	
8566	
286	
9242	
1767	
4323	
3963	
8244	
3383	
3040	
9414	
2133	
8530	
4890	
7891	
1275	
7470	
8737	
8945	
7800	
8038	
5742	
5941	
8294	
1048	
7716	
2944	
9676	
9781	
4260	
9696	
3375	
7669	
4103	
4019	
5111	
6170	
9876	
5504	
1162	
6804	
4036	
4577	
9243	
1740	
3898	
6272	
2587	
5017	
4363	
7172	
9090	
8653	
1876	
9066	
9208	
3392	
4652	
8996	
2426	
2250	
8066	
4619	
2311	
5794	
7698	
8298	
2144	
3768	
339	
1603	
1611	
1482	
2696	
5482	
6738	
8500	
3762	
8904	
1964	
3268	
9768	
1245	
6149	
1254	
2785	
3434	
6564	
1494	
2477	
6525	
9412	
4505	
4273	
1377	
2079	
3876	
4443	
5457	
1644	
5372	
1798	
1848	
1273	
4215	
3315	
7659	
5633	
618	
7309	
6424	
969	
4631	
9052	
9344	
9528	
6216	
4700	
7529	
9563	
4344	
2430	
7298	
796	
9308	
2975	
5169	
6884	
3911	
5352	
2488	
2824	
4094	
5890	
6783	
3759	
8272	
4979	
1009	
2395	
5556	
3239	
1961	
9731	
9413	
4325	
1889	
2997	
5984	
5331	
9608	
5185	
1963	
1265	
3578	
5487	
5624	
1257	
8021	
4240	
1608	
1566	
8998	
427	
3662	
6882	
990	
1446	
1460	
671	
9027	
3464	
195	
34	
1302	
3255	
9578	
6499	
8403	
4046	
9775	
8286	
2701	
6020	
9430	
9434	
6371	
8165	
95	
2134	
5036	
4714	
1125	
3363	
7313	
1545	
947	
186	
2766	
7453	
4549	
1591	
325	
5003	
9353	
5730	
1966	
6797	
3112	
9036	
5403	
1821	
1898	
1885	
5444	
9213	
9870	
999	
8472	
1451	
546	
8073	
8068	
2881	
2356	
3855	
2287	
3247	
5286	
3690	
1414	
1037	
360	
7883	
7541	
2252	
7477	
3899	
306	
2351	
7534	
3669	
3392	
3028	
1034	
7136	
5379	
4254	
8946	
7960	
3384	
9299	
237	
1402	
2202	
8146	
9639	
6353	
7530	
4648	
7859	
677	
1492	
8800	
1615	
35	
223	
6366	
6822	
5867	
6235	
9912	
2175	
8087	
5945	
8560	
5541	
2215	
1221	
8215	
2297	
6289	
6511	
7964	
2337	
5813	
7077	
6536	
8876	
180	
9448	
4268	
8507	
7630	
4672	
5312	
6737	
711	
2030	
8656	
9115	
7244	
1179	
4415	
331	
4036	
321	
4325	
2135	
4534	
4225	
2730	
5396	
2471	
3254	
2010	
7003	
3143	
2995	
6138	
5317	
8216	
5563	
5082	
4966	
2858	
6852	
3048	
8167	
5986	
1294	
8498	
5360	
4007	
3835	
6788	
8660	
3734	
5016	
5124	
4297	
8919	
3256	
9712	
8858	
1646	
3903	
733	
5762	
3389	
4105	
6330	
3601	
9203	
546	
2853	
1879	
144	
6059	
6770	
6905	
5934	
1072	
607	
94	
4036	
1245	
2321	
2382	
6427	
859	
475	
5524	
3119	
952	
3518	
1462	
4439	
6890	
4612	
3897	
4227	
3206	
3873	
6405	
2157	
5162	
5791	
5275	
2563	
3972	
6303	
4541	
5782	
1906	
8911	
1929	
1136	
8343	
2921	
5185	
1532	
2340	
9603	
4400	
3016	
1471	
7810	
3622	
2984	
8196	
7274	
363	
9141	
608	
4756	
8378	
2436	
6391	
7975	
6810	
4165	
3551	
6126	
762	
8910	
7730	
9331	
8357	
6401	
5238	
6976	
8337	
837	
3562	
8241	
8531	
6496	
3684	
1606	
7058	
9508	
5617	
4501	
572	
8058	
9095	
3676	
9431	
2140	
1755	
5342	
9501	
5755	
8041	
1377	
7190	
1438	
3708	
6286	
7043	
5781	
2834	
8530	
8463	
6270	
9996	
3198	
1894	
6089	
7027	
6878	
3687	
4254	
2324	
3347	
3965	
6904	
4495	
5912	
9598	
6654	
1038	
6381	
2478	
5313	
9303	
1771	
7506	
3699	
3580	
9423	
3737	
281	
6669	
3300	
5464	
9519	
2041	
8137	
4286	
4179	
7660	
4822	
8819	
9470	
9849	
968	
8719	
6275	
3422	
1337	
1828	
5935	
7875	
8693	
9809	
6827	
4172	
4723	
8071	
6440	
8327	
9056	
8113	
1912	
5557	
9382	
4518	
6971	
4224	
7841	
2717	
1908	
4696	
3638	
8452	
554	
148	
8528	
4968	
7910	
116	
729	
4993	
5059	
5754	
4310	
6904	
7892	
7273	
2188	
2741	
8180	
3614	
9355	
9560	
6713	
7279	
4063	
5483	
4330	
2940	
4941	
2387	
4693	
9754	
2760	
7832	
5575	
3317	
4211	
7390	
2789	
1276	
518	
3955	
6836	
9986	
1933	
6969	
4797	
3441	
2762	
3190	
4716	
9249	
3797	
6774	
8782	
8576	
3256	
5196	
5825	
987	
361	
7919	
702	
3761	
3320	
2194	
924	
6934	
9899	
3411	
6594	
535	
1661	
5733	
6630	
4273	
8034	
8430	
5538	
4323	
3149	
6629	
8885	
5542	
6983	
3197	
1187	
159	
5147	
6233	
9727	
459	
6462	
5565	
2184	
5151	
3630	
3425	
7346	
5404	
1126	
7110	
3311	
2366	
5791	
7266	
4387	
1821	
5454	
4894	
74	
2436	
8908	
3094	
9599	
9645	
1031	
2591	
6626	
7940	
4262	
8686	
4761	
1849	
3888	
6110	
5897	
7232	
8586	
1464	
235	
821	
1935	
5608	
776	
7707	
123	
7388	
9153	
3308	
9399	
9961	
3751	
5336	
4332	
6806	
1560	
8712	
3806	
3207	
830	
3261	
8653	
2399	
1627	
5568	
3380	
5238	
5298	
2614	
2560	
1445	
9079	
9511	
6623	
6860	
5744	
2557	
3490	
6810	
89	
1661	
1027	
9395	
1463	
1553	
6416	
4200	
1976	
5180	
9756	
9625	
2296	
8943	
7574	
2385	
3148	
5274	
7210	
490	
2650	
718	
5682	
2263	
8499	
7030	
1325	
817	
9348	
2481	
9245	
5867	
7658	
524	
1593	
3696	
8216	
9577	
1672	
7146	
8109	
996	
5264	
3297	
6492	
273	
6816	
6719	
4747	
4530	
7176	
1092	
8577	
7886	
8141	
6788	
6866	
7554	
6646	
8072	
4588	
1097	
6086	
3588	
787	
8964	
2591	
645	
4988	
1793	
4337	
6587	
9484	
8997	
20	
5166	
9938	
7057	
8494	
5231	
4528	
273	
3204	
1315	
1581	
3845	
1594	
9226	
1013	
4749	
7903	
2949	
9486	
6629	
8332	
1872	
7966	
1002	
8298	
3455	
452	
7079	
9500	
6190	
2541	
4632	
5915	
8039	
6468	
5534	
6233	
284	
7026	
3121	
6545	
3538	
7096	
7685	
6561	
8476	
1759	
7396	
2691	
9672	
4086	
8023	
1883	
5597	
3766	
9145	
1556	
4688	
4778	
4967	
2149	
2575	
2360	
8237	
8075	
7268	
3882	
2711	
3092	
6665	
3468	
1665	
8712	
8193	
3768	
5816	
4732	
1196	
410	
8100	
9965	
4955	
9315	
6414	
8293	
2130	
7173	
4363	
3640	
564	
5799	
1150	
3177	
4224	
8792	
9831	
1469	
1784	
6273	
75	
769	
9782	
7328	
3100	
3009	
9979	
6631	
422	
3518	
1980	
8395	
5867	
1611	
7797	
8527	
5466	
389	
6111	
1553	
8897	
5751	
5753	
3426	
9183	
415	
3634	
8674	
5387	
1949	
3372	
9814	
5762	
935	
9814	
7357	
5639	
1389	
3345	
5300	
8603	
2007	
7912	
9078	
230	
8912	
7579	
9432	
171	
8509	
5116	
882	
1125	
4706	
6283	
6147	
2756	
1726	
1879	
9179	
7938	
430	
2790	
8437	
5468	
5888	
3656	
5355	
6208	
3356	
9879	
1351	
7244	
377	
4950	
3552	
9553	
8317	
7657	
4503	
7342	
768	
6315	
5022	
1140	
6241	
2796	
4645	
2129	
3553	
1995	
181	
6728	
2313	
8968	
4297	
9631	
7342	
1534	
1561	
9023	
8604	
9282	
9540	
8567	
8981	
4393	
373	
5520	
7158	
9556	
2934	
6276	
610	
4902	
3868	
3613	
5440	
835	
5602	
6263	
3936	
7092	
6774	
4841	
2825	
4724	
2733	
2482	
5215	
2159	
3105	
7302	
3457	
9142	
9475	
2028	
9719	
6299	
7211	
888	
6715	
6467	
7691	
9159	
1822	
3142	
6837	
3226	
3175	
9437	
8858	
3892	
22	
2981	
3294	
6931	
6073	
1258	
9898	
7402	
5029	
817	
4303	
8875	
4234	
6097	
6861	
2435	
7436	
3360	
4283	
8203	
3445	
646	
9801	
5216	
5666	
8787	
9553	
3721	
4765	
2923	
7274	
3005	
2973	
7604	
2682	
7079	
7883	
4934	
9704	
4832	
7304	
8323	
9084	
5918	
9408	
2906	
2824	
7252	
4644	
4360	
2843	
6527	
653	
7787	
5473	
3626	
4556	
9300	
2958	
189	
2490	
2011	
6538	
9579	
5281	
9329	
8219	
6198	
573	
9881	
2438	
7942	
316	
6723	
9624	
521	
2067	
1925	
7361	
3420	
1752	
3530	
9464	
9568	
1636	
3835	
4769	
9979	
8849	
1464	
7523	
4833	
7230	
4717	
2631	
9273	
7320	
4224	
729	
8256	
9620	
9103	
5252	
4788	
6359	
7189	
800	
277	
4902	
6255	
4240	
2091	
8824	
3987	
2428	
4257	
5635	
9941	
5626	
4274	
3895	
8041	
3697	
275	
2542	
1004	
4750	
2255	
4279	
6223	
833	
4720	
6553	
3289	
2262	
9261	
5041	
4096	
8321	
9262	
1772	
6720	
3350	
2451	
8632	
3830	
7207	
1926	
2525	
6173	
5303	
6170	
7476	
5794	
6888	
6915	
256	
5007	
8750	
917	
641	
1155	
3546	
157	
8034	
4472	
9849	
5479	
391	
8841	
3929	
9181	
9125	
3032	
9630	
3741	
1771	
1959	
2625	
9058	
6197	
9077	
488	
5899	
8763	
4002	
6987	
238	
7636	
5127	
294	
3159	
2488	
3086	
4614	
5494	
8263	
